b_enforce_0_yaw: True
b_enforce_z: False
b_enforce_0_pitch: False
b_enforce_0_roll: False
kappa: 2
dp_sigma: [0.00001,0.000001,0.000001]
dv_sigma: [0.000005,0.000005,0.000005]
dq_sigma: [0.000003,0.000003,0.000003]
dw_sigma: [0.000005,0.000005,0.00005]
dp_q: [0.0002,0.0002,0.0002]
dv_q: [0.0001,0.0001,0.0001]
dq_q: [0.00006,0.00006,0.00006]
dw_q: [0.00001,0.00001,0.00001]
R: [1, 1, 2, 2, 0.005]