b_enforce_0_yaw: True
b_enforce_z: False
b_enforce_0_pitch: False
b_enforce_0_roll: False
kappa: 2
dp_sigma: [0.0000000002,0.0000000005,0.000000005]
dv_sigma: [0.0000000005,0.0000000005,0.0000000005]
dq_sigma: [0.00003,0.000003,0.000003]
dw_sigma: [0.000000005,0.0000000005,0.000000005]
dp_q: [0.000002,0.0000002,0.0000002]
dv_q: [0.0000001,0.00000001,0.0000001]
dq_q: [0.000000006,0.000000006,0.0000000006]
dw_q: [0.0001,0.0001,0.0001]
R: [2, 2, 2, 2, 0.05]