b_enforce_0_yaw: False
b_enforce_z: True
b_enforce_0_pitch: True
b_enforce_0_roll: True
kappa: 2
dp_sigma: [0.005,0.005,0.005]
dv_sigma: [0.0025,0.0025,0.0025]
dq_sigma: [0.8,0.8,0.8]
dw_sigma: [0.1,0.1,0.1]
dp_q: [0.0005,0.0005,0.0005]
dv_q: [0.00025,0.00025,0.00025]
dq_q: [0.08,0.08,0.08]
dw_q: [0.01,0.01,0.01]
R: [10, 10, 80, 40, 0.15]