id: 7
ns: 'quad7'
R_cam_ego: [-6.82621737e-04, -9.99890488e-01, -1.47832690e-02, 3.50423970e-02,  1.47502748e-02, -9.99276969e-01, 9.99385593e-01, -1.20016936e-03,  3.50284906e-02]
t_cam_ego: [0.01504337, -0.06380886, -0.13854437]
target_bound_box_l: 0.27
target_bound_box_w: 0.27
target_bound_box_h: 0.13
