id: 7
ns: 'quad7'
R_cam_ego: [0.0174524, -0.9998477, 0.00, -0.0871425, -0.0015211, -0.9961947, 0.9960430, 0.0173860, -0.0871557]
t_cam_ego: [0.15,  0.09, -0.05]
target_bound_box_l: 0.27
target_bound_box_w: 0.27
target_bound_box_h: 0.13
