b_enforce_0_yaw: True
b_enforce_z: False
b_enforce_0_pitch: False
b_enforce_0_roll: False
kappa: 2
dp_sigma: [0.0000000001,0.000001,0.000001]
dv_sigma: [0.00000000005,0.000005,0.000005]
dq_sigma: [0.000003,0.000003,0.000003]
dw_sigma: [0.000005,0.000005,0.00005]
dp_q: [0.0002,0.0002,0.0002]
dv_q: [0.0001,0.0000001,0.0001]
dq_q: [0.0001, 0.0000006, 0.0000006]
dw_q: [0.00001,0.0001,0.00001]
R: [1, 1, 1, 1, 0.001]
# Offsets in meters for length, width and height of the bounding box
offset_bb_l: -0.02
offset_bb_w: -0.02
offset_bb_h: -0.03
# Scale the 3D shape used along each dimension
scales_xyz: [1.0,1.0,1.0]