b_enforce_0_yaw: False
b_enforce_z: False
b_enforce_0_pitch: False
b_enforce_0_roll: False
kappa: 2
dp_sigma: [0.0001,0.0001,0.0001]
dv_sigma: [0.00005,0.00005,0.00005]
dq_sigma: [0.0003,0.0003,0.0003]
dw_sigma: [0.0005,0.0005,0.005]
dp_q: [0.0002,0.0002,0.0002]
dv_q: [0.0001,0.0001,0.0001]
dq_q: [0.0006,0.0006,0.0006]
dw_q: [0.0001,0.0001,0.0001]
R: [2, 2, 10, 10, 0.08]
# Offsets in meters for length, width and height of the bounding box
offset_bb_l: 0.0
offset_bb_w: 0.0
offset_bb_h: 0.0